[A1.jpg]
moddate=80275f8ad77bce01
width=2216
height=1276
text=1;202;81;Song : Zinda&#010;Singers : Shankar Mahadevan, Suhas Sawant&#010;Music : Shankar-Ehsaan-Loy;Arial;0.524171,0.761268,0.038889,0.000000;v1,4284968414,4293454056,128.000000,1.000000,0.000000,1.000000,400,0,49152;;
textactive=1
[A2.jpg]
moddate=80dd0834057cce01
width=2216
height=1276
text=1;214;93;Song : Maston Ka Jhund&#010;Singers : Shankar, Ehsaan, Loy, Divya Kumar&#010;Music : Shankar-Ehsaan-Loy;Arial;0.525425,0.753422,0.038889,0.000000;v1,4284968414,4293454056,128.000000,1.000000,0.000000,1.000000,400,0,49152;;
textactive=1
[A3.jpg]
moddate=80dd0834057cce01
width=2216
height=1276
text=1;191;70;Song : Bhag Milkha Bhag&#010;Singer : Arif Lohar&#010;Music : Shankar-Ehsaan-Loy;Arial;0.576267,0.733542,0.038889,0.000000;v1,4284968414,4293454056,128.000000,1.000000,0.000000,1.000000,400,0,49152;;
textactive=1
[A4.jpg]
moddate=80dd0834057cce01
width=2216
height=1276
text=1;217;96;Song : Bhag Milkha Bhag (Rock Version)&#010;Singers : Siddharth Mahadevan&#010;Music : Shankar-Ehsaan-Loy ;Arial;0.542436,0.752720,0.038889,0.000000;v1,4284968414,4293454056,128.000000,1.000000,0.000000,1.000000,400,0,49152;;
textactive=1
